goals:11,8;9,9;3,9;4,2;9,8;11,9;2,2;13,5;10,6;6,5;4,7;9,7;10,9;1,5;2,9;2,1;3,5;11,3;12,5;3,7;4,1;9,2;2,5;10,4;3,6;4,3;7,5;3,4;9,3;10,2;
room0:2,1;3,1;4,1;2,2;3,2;4,2;2,3;3,3;4,3;
1|pos:3,3;2,5;2,8;4,5;2,9;2,3;11,9;6,5;9,1;2,2;3,6;10,1;3,2;10,4;4,1;9,3;9,8;10,3;11,2;10,5;4,8;11,1;4,7;8,5;3,4;3,7;11,3;7,5;11,5;2,7;|pri:0.433333;0.0666667;0.0666667;0.166667;0.533333;0.5;0.533333;0.233333;0.2;0.233333;0.0666667;0.0333333;0.466667;0.333333;0.333333;0.5;0.366667;0.233333;0.2;0.3;0.3;0.1;0.133333;0.1;0.433333;0.166667;0.2;0.166667;0.133333;0.433333;|fires:0;agent:-1
2|pos:3,4;2,5;3,8;4,5;2,8;3,3;11,8;6,5;9,2;2,3;3,6;10,1;3,2;10,5;3,1;10,3;10,8;10,2;11,2;9,5;4,9;11,1;4,8;8,5;3,5;4,7;11,3;7,5;11,5;3,7;|pri:1.43333;1.06667;1.06667;1.16667;1.53333;1.5;1.53333;1.23333;1.2;1.23333;1.06667;1.03333;1.46667;1.33333;1.33333;1.5;1.36667;1.23333;1.2;1.3;1.3;1.1;1.13333;1.1;1.43333;1.16667;1.2;1.16667;1.13333;1.43333;|fires:0;agent:-1
3|pos:3,5;2,5;3,9;4,5;2,7;3,4;11,7;5,5;10,2;2,3;3,7;9,1;3,3;9,5;3,2;10,4;10,7;11,2;11,3;8,5;4,9;10,1;4,8;7,5;3,6;4,7;10,3;6,5;10,5;3,8;|pri:2.43333;2.06667;0.0666667;2.16667;2.53333;2.5;2.53333;2.23333;2.2;2.23333;2.06667;2.03333;2.46667;2.33333;2.33333;2.5;2.36667;2.23333;2.2;2.3;2.3;2.1;2.13333;2.1;0.433333;2.16667;2.2;2.16667;2.13333;2.43333;|fires:0;agent:-1
4|pos:2,5;1,5;2,9;4,5;3,7;3,5;10,7;5,5;10,2;2,3;3,8;9,2;3,4;9,5;3,3;10,5;10,6;11,3;10,3;8,5;4,9;9,1;4,8;7,5;3,6;4,7;10,4;6,5;11,5;3,9;|pri:3.43333;3.06667;1.06667;3.16667;3.53333;3.5;3.53333;3.23333;3.2;0.433333;3.06667;3.03333;3.33333;3.33333;3.23333;3.5;3.36667;0.233333;3.2;3.3;3.3;3.1;3.13333;3.1;3.46667;3.16667;3.2;3.16667;3.13333;3.43333;|fires:0;agent:-1
5|pos:2,5;1,5;2,9;5,5;3,6;4,5;10,8;6,5;10,3;2,3;4,8;9,3;3,4;10,5;3,3;10,6;10,7;11,2;11,3;9,5;3,9;9,2;4,7;8,5;3,5;3,7;10,4;7,5;11,5;3,8;|pri:4.43333;4.06667;2.06667;4.16667;4.53333;4.5;4.53333;4.23333;4.2;1.43333;4.06667;4.03333;4.33333;4.33333;4.23333;4.5;4.36667;1.23333;4.2;4.3;4.3;0.0999999;4.13333;4.1;4.46667;4.16667;4.2;4.16667;4.13333;4.43333;|fires:0;agent:-1
6|pos:2,5;1,5;3,9;5,5;3,5;4,5;10,7;6,5;10,3;2,3;4,8;9,3;3,3;11,5;4,3;10,5;10,6;11,2;11,3;9,5;3,8;9,2;4,7;8,5;3,4;3,6;10,4;7,5;12,5;3,7;|pri:5.43333;5.06667;0.0666666;5.16667;5.53333;5.5;5.36667;5.23333;5.2;2.43333;5.06667;5.03333;5.33333;5.3;5.23333;5.5;5.53333;2.23333;5.2;5.33333;5.3;0.0999999;5.13333;5.1;5.46667;5.16667;5.2;5.16667;5.13333;5.43333;|fires:0;agent:-1
7|pos:2,5;1,5;3,9;6,5;4,5;5,5;10,7;7,5;9,3;2,3;4,8;9,2;3,4;11,5;3,3;10,4;10,6;11,2;11,3;10,5;3,8;9,1;4,7;9,5;3,5;3,6;10,3;8,5;12,5;3,7;|pri:6.43333;6.06667;0.0666666;6.16667;6.53333;6.5;6.36667;6.23333;6.2;3.43333;6.06667;6.03333;6.33333;6.3;6.23333;6.5;6.53333;3.23333;6.2;6.33333;6.3;1.1;6.13333;6.1;6.46667;6.16667;6.2;6.16667;6.13333;6.43333;|fires:0;agent:-1
8|pos:2,5;1,5;3,9;5,5;3,5;4,5;10,6;6,5;10,3;2,2;4,8;9,3;3,3;11,5;2,3;10,4;10,5;10,2;11,2;9,5;3,8;9,2;4,7;8,5;3,4;3,6;11,3;7,5;12,5;3,7;|pri:7.43333;7.06667;0.0666666;7.16667;7.53333;7.5;7.36667;7.23333;7.2;4.43333;7.06667;7.03333;7.33333;7.3;7.23333;7.5;7.53333;4.23333;7.2;7.33333;7.3;0.0999999;7.13333;7.1;7.46667;7.16667;7.2;7.16667;7.13333;7.43333;|fires:0;agent:-1
9|pos:2,5;1,5;3,9;4,5;3,4;3,5;10,6;5,5;10,4;3,2;4,8;9,3;2,3;11,5;2,2;10,5;9,5;11,2;11,3;8,5;3,8;9,2;4,7;7,5;3,3;3,6;10,3;6,5;12,5;3,7;|pri:8.43333;8.06667;0.0666666;8.53333;8.46667;8.5;8.36667;8.23333;8.2;5.43333;8.06667;8.03333;8.16667;8.3;8.23333;8.5;8.53333;5.23333;8.2;8.33333;8.16667;0.0999999;8.13333;8.1;8.33333;8.3;8.2;8.16667;8.13333;8.43333;|fires:0;agent:-1
10|pos:2,5;1,5;3,9;3,5;3,4;3,6;10,5;4,5;10,4;3,1;4,9;9,3;2,3;11,5;3,2;9,5;8,5;11,2;11,3;7,5;3,8;9,2;4,8;6,5;3,3;3,7;10,3;5,5;12,5;4,7;|pri:9.43333;9.06667;0.0666666;9.53333;9.46667;9.23333;9.36667;9.5;9.2;6.43333;9.06667;9.03333;9.16667;9.3;9.23333;9.5;9.53333;6.23333;9.2;9.33333;9.16667;0.0999999;9.13333;9.1;9.33333;9.3;9.2;9.16667;9.13333;9.43333;|fires:0;agent:-1
11|pos:2,5;1,5;3,9;3,4;3,3;3,6;9,5;3,5;10,4;3,1;4,8;9,3;2,3;10,5;3,2;8,5;7,5;11,2;11,3;6,5;2,8;9,2;4,7;5,5;4,3;3,8;10,3;4,5;11,5;3,7;|pri:10.1667;10.0667;0.0666666;10.5333;10.4667;10.4333;10.3667;10.5;10.2;7.43333;10.0667;10.0333;10.1667;10.3;10.2333;10.5;10.5333;7.23333;10.2;10.3333;10.1667;0.0999999;10.1333;10.1;10.3333;10.2333;10.2;10.4333;10.1333;10.3;|fires:0;agent:-1
12|pos:2,5;1,5;3,9;3,3;4,3;3,6;8,5;3,4;10,5;3,1;4,8;9,3;2,3;9,5;3,2;7,5;6,5;11,3;10,3;5,5;2,7;9,2;4,7;4,5;4,2;3,8;10,4;3,5;11,5;3,7;|pri:11.1667;11.0667;0.0666666;11.5333;11.4667;11.4333;11.3667;11.1;11.2;8.43333;11.0667;11.0333;11.1667;11.3;11.2333;11.5;11.5333;0.233334;11.2;11.3333;11.1667;0.0999999;11.1333;11.5;11.3333;11.2333;11.2;11.4333;11.1333;11.3;|fires:0;agent:-1
13|pos:2,5;1,5;3,9;3,2;3,3;3,7;7,5;3,4;10,6;4,1;4,8;10,3;2,3;8,5;3,1;6,5;5,5;11,3;10,4;4,5;2,8;9,2;4,7;3,5;4,3;3,8;10,5;3,6;11,5;2,7;|pri:12.1667;12.0667;0.0666666;12.5333;12.4667;12.3333;12.3667;12.3333;0.2;9.43333;12.0667;12.0333;12.1667;12.3;12.2333;12.5;12.5333;0.233334;12.2;12.4333;12.1667;0.0999999;12.1333;12.5;12.1;12.2333;12.2;12.4333;12.1333;12.3;|fires:0;agent:-1
14|pos:2,5;1,5;3,9;4,2;3,2;3,7;6,5;3,3;10,6;4,1;4,8;10,4;2,3;7,5;3,1;5,5;4,5;11,3;10,5;3,5;2,8;9,2;4,7;3,4;4,3;3,8;9,5;3,6;11,5;2,7;|pri:13.1667;13.0667;0.0666666;0.533333;13.4667;13.3333;13.3667;13.3333;0.2;10.4333;13.0667;13.0333;13.1667;13.3;13.2333;13.5;13.5333;0.233334;13.2;13.4333;13.1667;0.0999999;13.1333;13.5;13.1;13.2333;13.2;13.4333;13.1333;13.3;|fires:0;agent:-1
15|pos:2,5;1,5;3,9;4,1;3,3;4,7;5,5;4,3;10,6;3,1;4,9;10,4;2,3;6,5;3,2;4,5;3,5;11,3;9,5;3,6;2,8;9,2;4,8;3,4;4,2;3,8;8,5;3,7;10,5;2,7;|pri:14.1667;14.0667;0.0666666;1.53333;14.4667;14.3333;14.3667;14.3333;0.2;11.4333;14.0667;14.0333;14.1667;14.3;14.2333;14.5;0.533333;0.233334;14.2;14.4333;14.1667;0.0999999;14.1333;14.5;14.1;14.2333;14.2;14.4333;14.1333;14.3;|fires:0;agent:-1
16|pos:2,5;1,5;3,9;4,2;3,4;4,7;6,5;3,3;10,6;3,1;4,9;10,3;2,3;7,5;3,2;5,5;4,5;11,3;10,5;3,6;2,8;9,2;4,8;3,5;4,3;3,8;8,5;3,7;10,4;2,7;|pri:15.1667;15.0667;0.0666666;0.533333;15.4667;15.3333;15.3667;15.3333;0.2;12.4333;15.0667;15.0333;15.1667;15.3;15.2333;15.5;1.53333;0.233334;15.2;15.4333;15.1667;0.0999999;15.1333;15.5;15.1;15.2333;15.2;15.4333;15.1333;15.3;|fires:0;agent:-1
17|pos:2,5;1,5;3,9;4,2;3,5;4,7;7,5;3,4;10,6;3,2;4,9;11,3;2,3;8,5;3,3;6,5;5,5;11,2;11,5;3,6;2,8;9,2;4,8;4,5;4,3;3,8;9,5;3,7;10,3;2,7;|pri:16.1667;16.0667;0.0666666;0.533333;16.4667;16.3333;16.3667;16.3333;0.2;13.4333;16.0667;16.0333;16.1667;16.3;16.2333;16.5;2.53333;1.23333;16.2;16.4333;16.1667;0.0999999;16.1333;16.5;16.1;16.2333;16.2;16.4333;16.1333;16.3;|fires:0;agent:-1
18|pos:2,5;1,5;3,9;4,2;4,5;3,7;8,5;3,4;10,6;3,2;4,8;10,3;2,3;9,5;3,3;7,5;6,5;11,3;12,5;3,5;2,8;9,2;4,7;5,5;4,3;3,8;10,5;3,6;9,3;2,7;|pri:17.1667;17.0667;0.0666666;0.533333;17.4667;17.3333;17.3667;17.3333;0.2;14.4333;17.0667;17.0333;17.1667;17.3;17.2333;17.5;3.53333;0.233334;0.200001;17.4333;17.1667;0.0999999;17.1333;17.5;17.1;17.2333;17.2;17.4333;0.133333;17.3;|fires:0;agent:-1
19|pos:2,5;1,5;3,9;4,2;5,5;3,6;9,5;3,3;10,6;3,2;4,8;10,3;2,2;10,5;2,3;8,5;7,5;11,3;12,5;3,4;2,7;9,2;4,7;6,5;4,3;3,8;10,4;3,5;9,3;3,7;|pri:18.1667;18.0667;0.0666666;0.533333;18.4667;18.3333;18.3667;18.3333;0.2;15.4333;18.0667;18.0333;18.1667;18.3;18.2333;18.5;4.53333;0.233334;0.200001;18.4333;18.1667;0.0999999;18.1333;18.5;18.1;18.2333;18.2;18.4333;0.133333;18.3;|fires:0;agent:-1
20|pos:2,5;1,5;2,9;4,2;6,5;3,7;10,5;3,4;10,7;3,2;3,8;10,3;2,3;10,6;3,3;9,5;8,5;11,3;12,5;3,5;2,7;9,2;4,8;7,5;4,3;3,9;10,4;3,6;9,3;4,7;|pri:19.1667;19.0667;1.06667;0.533333;19.4667;19.3333;19.3667;19.3333;1.2;16.4333;19.0667;19.0333;19.1667;19.3;19.2333;19.5;5.53333;0.233334;0.200001;19.4333;19.1667;0.0999999;19.1333;19.5;19.1;19.2333;19.2;19.4333;0.133333;19.3;|fires:0;agent:-1
21|pos:2,5;1,5;3,9;4,2;7,5;3,6;10,4;3,3;10,7;3,2;4,8;11,3;2,2;10,6;2,3;10,5;9,5;11,2;12,5;3,4;2,7;9,2;4,7;8,5;4,3;3,8;10,3;3,5;9,3;3,7;|pri:20.1667;20.0667;0.0666666;0.533333;20.4667;20.3333;20.3667;20.3333;2.2;17.4333;20.0667;20.0333;20.1667;6.53333;20.2333;20.5;20.3;1.23333;0.200001;20.4333;20.1667;0.0999999;20.1333;20.5;20.1;20.2333;20.2;20.4333;0.133333;20.3;|fires:0;agent:-1
22|pos:2,5;1,5;3,9;4,2;8,5;3,6;10,3;3,4;10,7;3,2;4,8;11,3;2,3;10,6;3,3;10,4;10,5;11,2;12,5;3,5;2,7;9,2;4,7;9,5;4,3;3,8;10,2;4,5;9,3;3,7;|pri:21.1667;21.0667;0.0666666;0.533333;21.4667;21.3333;21.3667;21.3333;3.2;18.4333;21.0667;21.0333;21.1667;7.53333;21.2333;21.5;21.3;2.23333;0.200001;21.4333;21.1667;0.0999999;21.1333;21.5;21.1;21.2333;21.2;21.4333;0.133333;21.3;|fires:0;agent:-1
23|pos:2,5;1,5;3,9;4,2;9,5;3,7;10,2;3,4;10,7;3,2;4,8;11,3;2,3;10,6;3,3;10,3;10,4;11,1;12,5;3,6;2,8;9,2;4,7;10,5;4,3;3,8;11,2;3,5;9,3;2,7;|pri:22.1667;22.0667;0.0666666;0.533333;22.4667;22.3333;22.3667;22.3333;4.2;19.4333;22.0667;22.0333;22.1667;8.53333;22.2333;22.5;22.3;3.23333;0.200001;22.4333;22.1667;0.0999999;22.1333;22.5;22.1;22.2333;22.2;22.4333;0.133333;22.3;|fires:0;agent:-1
24|pos:2,5;1,5;3,9;4,2;8,5;3,8;10,3;3,5;10,7;3,2;4,9;11,3;3,3;10,6;3,4;10,4;10,5;11,2;12,5;3,7;2,8;9,2;4,7;9,5;4,3;4,8;10,2;3,6;9,3;2,7;|pri:23.1667;23.0667;0.0666666;0.533333;23.4667;23.3333;23.3667;23.3333;5.2;20.4333;23.0667;23.0333;23.1667;9.53333;23.2333;23.5;23.3;4.23333;0.200001;0.433334;23.1667;0.0999999;23.1333;23.5;23.1;23.2333;23.2;23.4333;0.133333;23.3;|fires:0;agent:-1
25|pos:2,5;1,5;3,9;4,2;9,5;3,7;10,3;4,5;10,7;3,2;4,9;11,3;3,3;10,6;3,4;10,4;11,5;11,2;12,5;4,7;2,8;9,2;4,8;10,5;4,3;3,8;10,2;3,5;9,3;2,7;|pri:24.1667;24.0667;0.0666666;0.533333;24.4667;24.3333;24.3667;24.3333;6.2;21.4333;24.0667;24.0333;24.1667;10.5333;24.2333;24.5;24.3;5.23333;0.200001;1.43333;24.1667;0.0999999;24.1333;24.5;24.1;24.2333;24.2;24.4333;0.133333;24.3;|fires:0;agent:-1
26|pos:2,5;1,5;3,9;4,2;9,5;3,7;10,4;5,5;10,7;3,2;4,9;11,3;3,4;10,6;3,5;10,5;12,5;11,2;13,5;4,7;2,8;9,2;4,8;11,5;3,3;3,8;10,3;3,6;9,3;2,7;|pri:25.1667;25.0667;0.0666666;0.533333;25.4667;25.3333;25.3667;25.3333;7.2;22.4333;25.0667;25.0333;25.1667;11.5333;25.2333;25.5;25.3;6.23333;1.2;2.43333;25.1667;0.0999999;25.1333;25.5;25.1;25.2333;25.2;25.4333;0.133333;25.3;|fires:0;agent:-1
27|pos:2,5;1,5;3,9;4,2;8,5;3,6;10,4;6,5;10,7;3,2;4,9;11,3;3,4;10,6;4,5;9,5;11,5;11,2;12,5;4,7;2,7;9,2;4,8;10,5;3,3;3,8;10,3;3,5;9,3;3,7;|pri:26.1667;26.0667;0.0666666;0.533333;26.4667;26.3333;26.3667;26.3333;8.2;23.4333;26.0667;26.0333;26.1667;12.5333;26.2333;26.5;26.3;7.23333;0.200001;3.43333;26.1667;0.0999999;26.1333;26.5;26.1;26.2333;26.2;26.4333;0.133333;26.3;|fires:0;agent:-1
28|pos:2,5;1,5;2,9;4,2;7,5;3,7;10,5;6,5;11,7;3,2;3,9;10,3;3,4;10,7;3,5;8,5;11,5;11,3;12,5;4,7;2,7;9,2;4,9;10,6;3,3;4,8;10,4;3,6;9,3;3,8;|pri:27.1667;27.0667;1.06667;0.533333;27.4667;27.3333;27.3667;27.3333;9.2;24.4333;27.0667;27.0333;27.1667;13.5333;27.2333;27.5;27.3;0.233334;0.200001;4.43333;27.1667;0.0999999;27.1333;27.5;27.1;27.2333;27.2;27.4333;0.133333;27.3;|fires:0;agent:-1
29|pos:2,5;1,5;3,9;4,2;6,5;3,6;9,5;5,5;10,7;3,2;4,9;10,3;3,3;10,6;3,4;7,5;11,5;11,3;12,5;4,7;2,7;9,2;4,8;10,5;4,3;3,8;10,4;3,5;9,3;3,7;|pri:28.1667;28.0667;0.0666666;0.533333;28.4667;28.3333;28.3667;28.3333;10.2;25.4333;28.0667;28.0333;28.1667;14.5333;28.2333;28.5;28.3;0.233334;0.200001;5.43333;28.1667;0.0999999;28.1333;28.5;28.1;28.2333;28.2;28.4333;0.133333;28.3;|fires:0;agent:-1
30|pos:2,5;1,5;2,9;4,2;5,5;3,7;8,5;4,5;10,7;3,2;3,9;10,4;3,4;10,6;3,5;6,5;12,5;11,3;13,5;4,7;2,7;9,2;4,9;11,5;3,3;4,8;10,5;3,6;9,3;3,8;|pri:29.1667;29.0667;1.06667;0.533333;29.4667;29.3333;29.3667;29.3333;11.2;26.4333;29.0667;29.0333;29.1667;15.5333;29.2333;29.5;29.3;0.233334;1.2;6.43333;29.1667;0.0999999;29.1333;29.5;29.1;29.2333;29.2;29.4333;0.133333;29.3;|fires:0;agent:-1
31|pos:2,5;1,5;2,9;4,2;4,5;2,7;7,5;3,5;10,7;3,2;3,9;10,4;3,4;10,6;3,6;5,5;11,5;11,3;12,5;4,7;2,8;9,2;4,9;10,5;3,3;4,8;9,5;3,7;9,3;3,8;|pri:30.1667;30.0667;2.06667;0.533333;30.4667;30.3333;30.3667;30.3333;12.2;27.4333;30.0667;30.3;30.1667;16.5333;-1;30.5;30.0333;0.233334;0.200001;7.43333;30.1667;0.0999999;30.1333;30.5;30.1;30.2333;30.2;30.4333;0.133333;30.3;|fires:1;agent:14
32|pos:2,5;1,5;2,9;4,2;3,5;2,7;6,5;3,4;10,8;3,2;3,9;10,5;3,3;10,7;3,6;4,5;11,5;11,3;12,5;4,7;2,8;9,2;4,9;10,6;2,3;4,8;8,5;3,7;9,3;3,8;|pri:31.1667;31.0667;3.06667;0.533333;31.4667;31.3333;31.3667;31.3333;13.2;28.4333;31.0667;31.3;31.1667;17.5333;0;31.5;31.0333;0.233334;0.200001;8.43333;31.1667;0.0999999;31.1333;31.5;31.1;31.2333;31.2;31.4333;0.133333;31.3;|fires:0;agent:-1
33|pos:2,5;1,5;2,9;4,2;3,4;2,7;5,5;3,3;10,7;3,2;3,9;11,5;4,3;10,6;3,6;3,5;12,5;11,3;13,5;4,7;2,8;9,2;4,9;10,5;2,3;4,8;7,5;3,7;9,3;3,8;|pri:32.0667;1;4.06667;0.533333;32.4667;32.3333;32.3667;32.3333;14.2;29.4333;32.0667;32.3;32.1667;18.5333;32.1667;32.5;32.0333;0.233334;1.2;9.43333;32.1667;0.0999999;32.1333;32.5;32.1;32.2333;0.200001;32.4333;0.133333;32.3;|fires:0;agent:-1
34|pos:2,5;1,5;2,8;4,2;3,3;3,7;4,5;3,2;10,7;3,1;2,9;10,5;4,3;10,6;3,5;3,4;11,5;11,3;12,5;4,7;2,7;9,2;3,9;10,4;2,3;4,8;7,5;3,6;9,3;3,8;|pri:33.0667;2;5.06667;0.533333;33.4667;33.3333;33.3667;33.3333;15.2;30.4333;33.0667;33.3;33.1667;19.5333;30.2333;33.5;33.0333;0.233334;0.200001;10.4333;33.1667;0.0999999;33.1333;0.5;33.1;33.2333;0.200001;33.4333;0.133333;33.3;|fires:0;agent:-1
35|pos:2,5;1,5;2,8;4,2;3,2;3,6;4,5;3,1;10,8;2,1;2,9;10,6;4,3;10,7;3,4;3,3;10,5;11,3;12,5;4,7;2,7;9,2;3,9;10,4;2,3;3,8;7,5;3,5;9,3;3,7;|pri:34.0667;3;6.06667;0.533333;34.4667;34.3;34.3667;34.3333;16.2;31.4333;34.0667;34.3;34.1667;20.5333;34.3333;34.5;34.0333;0.233334;0.200001;11.4333;34.1667;0.0999999;31.2333;0.5;34.1;34.1333;0.200001;34.4333;0.133333;34.2333;|fires:0;agent:-1
36|pos:2,5;1,5;2,8;4,2;3,3;3,6;5,5;3,2;10,8;3,1;2,9;10,7;4,3;9,7;3,5;2,3;9,5;11,3;12,5;4,7;2,7;9,2;3,9;10,4;2,2;3,8;7,5;4,5;9,3;3,7;|pri:35.0667;4;7.06667;0.533333;35.4667;35.3;35.3667;35.3333;17.2;32.4333;35.0667;35.3;35.1667;21.5333;35.3333;35.5;35.0333;0.233334;0.200001;12.4333;35.1667;0.0999999;32.2333;0.5;35.1;35.1333;0.200001;35.4333;0.133333;35.2333;|fires:0;agent:-1
37|pos:2,5;1,5;2,9;4,2;3,4;3,7;4,5;3,3;10,8;3,1;3,9;11,7;4,3;10,7;3,6;2,2;8,5;11,3;12,5;4,7;2,8;9,2;3,8;10,4;3,2;4,8;7,5;3,5;9,3;2,7;|pri:36.0667;5;8.06667;0.533333;36.4667;36.3;36.3667;36.3333;18.2;33.4333;36.0667;36.3;36.1667;22.5333;36.3333;36.5;36.0333;0.233334;0.200001;13.4333;36.1667;0.0999999;33.2333;0.5;36.1;36.1333;0.200001;36.4333;0.133333;36.2333;|fires:0;agent:-1
38|pos:2,5;1,5;2,9;4,2;3,5;2,7;5,5;3,4;10,8;3,1;4,9;10,7;3,3;10,6;3,7;2,1;7,5;11,3;12,5;4,7;3,8;9,2;3,9;10,4;3,2;4,8;6,5;4,5;9,3;2,8;|pri:37.0667;6;9.06667;0.533333;37.4667;37.3;37.3667;37.3333;19.2;34.4333;37.0667;37.3;37.1667;23.5333;37.3333;0.5;37.0333;0.233334;0.200001;14.4333;37.1667;0.0999999;34.2333;0.5;37.1;37.1333;1.2;37.4333;0.133333;37.2333;|fires:0;agent:-1
39|pos:2,5;1,5;2,8;4,2;4,5;3,7;6,5;3,5;10,7;3,2;4,9;9,7;3,4;10,5;3,8;2,1;8,5;11,3;12,5;4,7;3,9;9,2;2,9;10,4;3,3;4,8;7,5;5,5;9,3;2,7;|pri:38.0667;7;10.0667;0.533333;38.4667;38.3;38.3667;38.3333;20.2;35.4333;38.0667;0.299999;38.1667;24.5333;38.3333;0.5;38.0333;0.233334;0.200001;38.2333;38.1667;0.0999999;35.2333;0.5;38.1;38.1333;0.200001;38.4333;0.133333;15.4333;|fires:0;agent:-1
40|pos:2,5;1,5;3,8;4,2;5,5;3,6;7,5;4,5;10,6;3,3;4,8;9,7;3,5;10,5;3,9;2,1;9,5;11,3;12,5;3,7;4,9;9,2;2,8;10,4;3,4;4,7;8,5;6,5;9,3;2,7;|pri:39.0667;8;11.0667;0.533333;39.4667;39.3;39.3667;39.3333;0.200001;36.4333;39.0667;0.299999;39.1667;25.5333;39.3333;0.5;39.0333;0.233334;0.200001;0.233334;39.1667;0.0999999;36.2333;0.5;39.1;39.1333;1.2;39.4333;0.133333;16.4333;|fires:0;agent:-1
41|pos:2,5;1,5;4,8;4,2;6,5;3,5;8,5;5,5;10,7;3,3;4,7;9,7;4,5;10,6;2,9;2,1;10,5;11,3;12,5;2,7;3,9;9,2;3,8;10,4;3,4;3,7;9,5;7,5;9,3;2,8;|pri:40.0667;9;12.0667;0.533333;40.4667;40.3;40.3667;40.3333;1.2;37.4333;0.0666656;0.299999;40.1667;26.5333;0.333336;0.5;40.0333;0.233334;0.200001;1.23333;40.1667;0.0999999;37.2333;0.5;40.1;40.1333;2.2;40.4333;0.133333;17.4333;|fires:0;agent:-1
42|pos:2,5;1,5;4,9;4,2;7,5;4,5;9,5;6,5;10,8;3,4;4,7;9,7;5,5;10,7;2,9;2,1;10,6;11,3;12,5;2,7;3,8;9,2;3,7;10,4;3,5;3,6;10,5;8,5;9,3;2,8;|pri:41.0667;10;13.0667;0.533333;41.4667;41.3;41.3667;41.3333;2.2;38.4333;0.0666656;0.299999;41.1667;27.5333;0.333336;0.5;41.0333;0.233334;0.200001;2.23333;41.1667;0.0999999;38.2333;0.5;41.1;41.1333;3.2;41.4333;0.133333;18.4333;|fires:0;agent:-1
43|pos:2,5;1,5;3,9;4,2;8,5;5,5;10,5;7,5;9,8;3,3;4,7;9,7;6,5;10,8;2,9;2,1;10,7;11,3;12,5;2,7;3,7;9,2;3,6;10,4;3,4;3,5;10,6;9,5;9,3;3,8;|pri:39.2333;11;0.0666666;0.533333;42.4667;42.3;42.3667;42.3333;3.2;39.4333;0.0666656;0.299999;42.1667;28.5333;0.333336;0.5;42.0333;0.233334;0.200001;3.23333;42.1667;0.0999999;42.0667;0.5;42.1;42.1333;4.2;42.4333;0.133333;19.4333;|fires:0;agent:-1
44|pos:2,5;1,5;3,9;4,2;9,5;6,5;10,4;8,5;9,8;3,2;4,7;9,7;7,5;10,8;2,9;2,1;10,7;11,3;12,5;2,7;3,6;9,2;3,5;10,3;3,3;3,4;10,6;10,5;9,3;3,7;|pri:40.2333;12;0.0666666;0.533333;43.4667;43.3;43.3667;43.3333;4.2;40.4333;0.0666656;0.299999;43.1667;29.5333;0.333336;0.5;43.0333;0.233334;0.200001;4.23333;43.1667;0.0999999;43.0667;1.5;43.1;43.1333;5.2;43.4333;0.133333;20.4333;|fires:0;agent:-1
45|pos:2,5;1,5;3,9;4,2;10,5;7,5;10,4;9,5;9,8;3,2;4,7;9,7;8,5;10,8;2,9;2,1;10,7;11,3;12,5;3,7;3,5;9,2;4,5;10,3;2,3;3,3;10,6;11,5;9,3;3,6;|pri:41.2333;13;0.0666666;0.533333;44.4667;44.3;44.3667;44.3333;5.2;41.4333;0.0666656;0.299999;44.1667;30.5333;0.333336;0.5;44.0333;0.233334;0.200001;0.233334;44.1667;0.0999999;44.0667;2.5;44.1;44.1333;6.2;44.4333;0.133333;21.4333;|fires:0;agent:-1
46|pos:2,5;1,5;3,9;4,2;10,6;7,5;10,4;9,5;10,8;3,2;4,7;9,8;8,5;10,9;2,9;2,1;9,7;11,3;12,5;3,7;3,4;9,2;3,5;10,3;3,3;4,3;10,7;10,5;9,3;3,6;|pri:42.2333;14;0.0666666;0.533333;45.4667;45.3;45.3667;45.3333;6.2;42.4333;0.0666656;1.3;45.1667;31.5333;0.333336;0.5;45.0333;0.233334;0.200001;0.233334;45.1667;0.0999999;45.0667;3.5;45.1;0.133331;7.2;45.4333;0.133333;22.4333;|fires:0;agent:-1
47|pos:3,5;2,5;3,9;4,2;10,7;6,5;10,5;8,5;11,8;3,2;4,7;9,8;7,5;10,8;2,9;2,1;9,7;11,3;12,5;2,7;3,3;9,2;3,6;10,4;2,3;4,3;11,7;9,5;9,3;3,7;|pri:43.2333;15;0.0666666;0.533333;46.4667;46.3;46.3667;46.3333;7.2;46.1;0.0666656;2.3;46.1667;32.5333;0.333336;0.5;46.0333;0.233334;0.200001;1.23333;46.1667;0.0999999;46.0667;0.5;43.4333;0.133331;8.2;46.4333;0.133333;23.4333;|fires:0;agent:-1
48|pos:4,5;2,5;3,9;3,2;10,8;5,5;9,5;7,5;11,8;3,3;4,7;9,7;6,5;9,8;2,9;2,1;10,7;11,3;12,5;3,7;4,3;9,2;3,5;10,4;2,3;4,2;11,7;8,5;9,3;3,6;|pri:44.2333;16;0.0666666;44.4333;47.4667;47.3;47.3667;47.3333;8.2;47.1;0.0666656;9.2;47.1667;33.5333;0.333336;0.5;47.0333;0.233334;0.200001;0.233334;47.1667;0.0999999;47.0667;0.5;1.53333;1.13333;0.299999;47.4333;0.133333;24.4333;|fires:0;agent:-1
49|pos:3,5;2,5;3,9;3,3;9,8;4,5;8,5;6,5;10,8;3,4;4,7;10,7;5,5;9,7;2,9;2,1;10,6;11,3;12,5;2,7;4,2;9,2;3,6;10,4;2,3;3,2;11,7;7,5;9,3;3,7;|pri:45.2333;17;0.0666666;45.4333;0.466667;48.3;48.3667;48.3333;9.2;48.1;0.0666656;10.2;48.1667;34.5333;0.333336;0.5;48.0333;0.233334;0.200001;1.23333;48.1667;0.0999999;48.0667;0.5;2.53333;2.13333;1.3;48.4333;0.133333;25.4333;|fires:0;agent:-1
50|pos:3,6;2,5;3,9;4,3;9,8;3,5;7,5;5,5;10,9;3,4;4,8;10,8;4,5;10,7;2,9;2,1;10,5;11,3;12,5;2,7;4,1;9,2;3,7;10,4;3,3;4,2;11,7;6,5;9,3;4,7;|pri:46.2333;18;0.0666666;46.4333;0.466667;49.3;49.3667;49.3333;10.2;49.1;1.06667;11.2;49.1667;35.5333;0.333336;0.5;49.0333;0.233334;0.200001;2.23333;0.166664;0.0999999;49.0667;0.5;3.53333;3.13333;2.3;49.4333;0.133333;26.4333;|fires:0;agent:-1
51|pos:3,6;2,5;3,9;4,2;9,7;3,4;6,5;4,5;10,8;3,3;4,8;9,8;3,5;10,6;2,9;2,1;9,5;11,3;12,5;2,7;3,1;9,2;3,7;10,4;3,2;4,1;10,7;5,5;9,3;4,7;|pri:47.2333;19;0.0666666;0.433334;1.46667;50.3;50.3667;50.3333;11.2;50.1;2.06667;12.2;50.1667;36.5333;0.333336;0.5;50.0333;0.233334;0.200001;3.23333;1.16666;0.0999999;50.0667;0.5;4.53333;4.13333;3.3;50.4333;0.133333;27.4333;|fires:0;agent:-1
52|pos:3,7;2,5;3,9;4,3;9,8;3,4;5,5;3,5;10,7;3,3;3,8;9,9;3,6;10,5;2,9;2,1;8,5;11,3;12,5;2,7;4,1;9,2;4,7;10,4;3,2;4,2;10,6;4,5;9,3;4,8;|pri:48.2333;20;0.0666666;1.43333;0.466667;51.3;51.3667;51.3333;12.2;51.1;3.06667;13.2;51.1667;37.5333;0.333336;0.5;51.0333;0.233334;0.200001;4.23333;0.166664;0.0999999;51.0667;0.5;5.53333;5.13333;4.3;51.4333;0.133333;28.4333;|fires:0;agent:-1
53|pos:3,8;1,5;3,9;4,2;9,7;3,4;4,5;2,5;10,6;3,3;4,8;9,8;3,6;9,5;2,9;2,1;7,5;11,3;12,5;2,7;3,1;9,2;3,7;10,4;3,2;4,1;10,5;3,5;9,3;4,7;|pri:49.2333;21;0.0666666;0.433334;1.46667;52.3667;52.3;52.3333;0.200001;52.1;4.06667;14.2;52.1667;38.5333;0.333336;0.5;52.0333;0.233334;0.200001;5.23333;1.16666;0.0999999;52.0667;0.5;6.53333;6.13333;5.3;52.4333;0.133333;29.4333;|fires:0;agent:-1
54|pos:3,8;1,5;3,9;4,3;9,8;3,5;4,5;2,5;10,6;3,4;4,8;9,9;3,7;8,5;2,9;2,1;6,5;11,3;12,5;2,8;4,1;9,2;2,7;10,4;3,3;4,2;9,5;3,6;9,3;4,7;|pri:50.2333;22;0.0666666;1.43333;0.466667;53.3667;53.3;53.3333;0.200001;53.1;5.06667;15.2;53.1667;39.5333;0.333336;0.5;53.0333;0.233334;0.200001;6.23333;0.166664;0.0999999;53.0667;0.5;7.53333;7.13333;6.3;53.4333;0.133333;30.4333;|fires:0;agent:-1
55|pos:3,8;1,5;3,9;4,2;10,8;4,5;5,5;2,5;10,6;3,4;4,8;9,8;3,6;7,5;2,9;2,1;6,5;11,3;12,5;2,7;3,1;9,2;3,7;10,4;3,3;4,1;8,5;3,5;9,3;4,7;|pri:51.2333;23;0.0666666;0.433334;1.46667;54.3667;54.3;54.3333;0.200001;54.1;6.06667;16.2;54.1667;40.5333;0.333336;0.5;54.0333;0.233334;0.200001;7.23333;1.16666;0.0999999;54.0667;0.5;8.53333;8.13333;7.3;54.4333;0.133333;31.4333;|fires:0;agent:-1
56|pos:3,7;1,5;3,9;4,3;9,8;5,5;6,5;2,5;10,6;3,4;4,8;9,7;3,5;8,5;2,9;2,1;7,5;11,3;12,5;2,7;4,1;9,2;3,6;10,4;3,3;4,2;9,5;4,5;9,3;4,7;|pri:52.2333;24;0.0666666;1.43333;0.466667;55.3667;55.3;55.3333;0.200001;55.1;7.06667;0.200001;55.1667;41.5333;0.333336;0.5;55.0333;0.233334;0.200001;8.23333;0.166664;0.0999999;55.0667;0.5;9.53333;9.13333;8.3;55.4333;0.133333;32.4333;|fires:0;agent:-1
57|pos:3,7;1,5;3,9;4,2;9,8;6,5;7,5;2,5;10,6;3,3;4,8;9,7;3,4;9,5;2,9;2,1;8,5;11,3;12,5;2,7;3,1;9,2;3,6;10,4;2,3;4,1;10,5;3,5;9,3;4,7;|pri:53.2333;25;0.0666666;0.433334;0.466667;56.3667;56.3;56.3333;0.200001;56.1;8.06667;0.200001;56.1667;42.5333;0.333336;0.5;56.0333;0.233334;0.200001;9.23333;1.16666;0.0999999;56.0667;0.5;10.5333;10.1333;9.3;56.4333;0.133333;33.4333;|fires:0;agent:-1
58|pos:3,8;1,5;3,9;3,2;9,8;7,5;8,5;2,5;10,7;3,4;4,8;9,7;3,5;10,5;2,9;2,1;9,5;11,3;12,5;2,7;4,1;9,2;3,7;10,4;3,3;4,2;10,6;3,6;9,3;4,7;|pri:54.2333;26;0.0666666;1.43333;0.466667;57.3667;57.3;57.3333;1.2;57.1;9.06667;0.200001;57.1667;43.5333;0.333336;0.5;57.0333;0.233334;0.200001;10.2333;0.166664;0.0999999;57.0667;0.5;11.5333;11.1333;10.3;57.4333;0.133333;34.4333;|fires:0;agent:-1
59|pos:3,7;1,5;3,9;4,2;9,9;8,5;9,5;2,5;9,7;3,4;4,8;9,8;4,5;10,6;2,9;2,1;10,5;11,3;12,5;2,7;4,1;9,2;3,6;10,4;3,3;4,3;10,7;3,5;9,3;4,7;|pri:55.2333;27;0.0666666;0.433334;1.46667;58.3667;58.3;58.1;2.2;58.3333;10.0667;1.2;58.1667;44.5333;0.333336;0.5;58.0333;0.233334;0.200001;11.2333;0.166664;0.0999999;58.0667;0.5;12.5333;0.133331;11.3;58.4333;0.133333;35.4333;|fires:0;agent:-1
60|pos:2,7;1,5;3,9;4,2;9,8;9,5;10,5;2,5;9,7;3,5;4,8;10,8;5,5;10,6;2,9;2,1;11,5;11,3;12,5;2,8;4,1;9,2;3,7;10,4;3,4;4,3;10,7;3,6;9,3;4,7;|pri:56.2333;28;0.0666666;0.433334;0.466667;59.3667;59.3;59.1;3.2;59.3333;11.0667;2.2;59.1667;45.5333;0.333336;0.5;59.0333;0.233334;0.200001;12.2333;0.166664;0.0999999;59.0667;0.5;13.5333;0.133331;12.3;59.4333;0.133333;36.4333;|fires:0;agent:-1
61|pos:3,7;1,5;3,9;4,2;9,9;10,5;11,5;2,5;9,7;4,5;4,8;9,8;6,5;10,6;2,9;2,1;12,5;11,3;13,5;2,7;4,1;9,2;3,6;10,4;3,4;4,3;10,7;3,5;9,3;4,7;|pri:57.2333;14.5333;0.0666666;0.433334;1.46667;60.3667;60.3;29;4.2;60.3333;12.0667;3.2;60.1667;46.5333;0.333336;0.5;60.0333;0.233334;1.2;13.2333;0.166664;0.0999999;60.0667;0.5;60.1;0.133331;13.3;60.4333;0.133333;37.4333;|fires:0;agent:-1
62|pos:2,7;1,5;3,9;4,2;9,9;10,6;10,5;2,5;9,7;5,5;4,8;9,8;7,5;10,7;2,9;2,1;11,5;11,3;12,5;2,8;4,1;9,2;3,7;10,4;3,5;4,3;10,8;3,6;9,3;4,7;|pri:58.2333;15.5333;0.0666666;0.433334;2.46667;61.3667;61.3;30;5.2;61.3333;13.0667;4.2;61.1667;47.5333;0.333336;0.5;61.0333;0.233334;0.200001;14.2333;0.166664;0.0999999;61.0667;0.5;61.1;0.133331;14.3;61.4333;0.133333;38.4333;|fires:0;agent:-1
63|pos:3,7;1,5;3,9;4,2;10,9;10,7;9,5;2,5;9,7;6,5;4,8;9,9;8,5;10,8;2,9;2,1;10,5;11,3;12,5;3,8;4,1;9,2;3,6;10,4;3,4;4,3;9,8;3,5;9,3;4,7;|pri:59.2333;16.5333;0.0666666;0.433334;3.46667;62.3667;62.3;31;6.2;0.333336;14.0667;5.2;62.1667;48.5333;0.333336;0.5;62.0333;0.233334;0.200001;15.2333;0.166664;0.0999999;62.0667;0.5;62.1;0.133331;15.3;62.4333;0.133333;39.4333;|fires:0;agent:-1
64|pos:3,8;1,5;4,9;4,2;9,9;11,7;8,5;2,5;9,7;6,5;4,8;9,8;7,5;10,7;2,9;2,1;9,5;11,3;12,5;3,9;4,1;9,2;3,7;10,4;3,5;4,3;10,8;3,6;9,3;4,7;|pri:60.2333;17.5333;1.06667;0.433334;4.46667;63.3667;63.3;32;7.2;0.333336;15.0667;6.2;63.1667;49.5333;0.333336;0.5;63.0333;0.233334;0.200001;16.2333;0.166664;0.0999999;63.0667;0.5;63.1;0.133331;16.3;63.4333;0.133333;40.4333;|fires:0;agent:-1
65|pos:3,7;1,5;3,9;4,2;9,9;11,8;7,5;2,5;9,7;5,5;4,8;9,8;6,5;10,6;2,9;2,1;8,5;11,3;12,5;3,8;4,1;9,2;3,6;10,4;3,4;4,3;10,7;3,5;9,3;4,7;|pri:61.2333;18.5333;0.0666666;0.433334;5.46667;64.3667;64.3;33;8.2;1.33334;16.0667;7.2;64.1667;50.5333;0.333336;0.5;64.0333;0.233334;0.200001;17.2333;0.166664;0.0999999;64.0667;0.5;64.1;0.133331;17.3;64.4333;0.133333;41.4333;|fires:0;agent:-1
66|pos:3,7;1,5;3,9;4,2;9,8;11,9;7,5;2,5;10,7;5,5;4,8;9,7;6,5;10,5;2,9;2,1;8,5;11,3;12,5;3,8;4,1;9,2;3,6;10,4;3,5;4,3;10,6;4,5;9,3;4,7;|pri:62.2333;19.5333;0.0666666;0.433334;0.466667;0.366669;65.3;34;9.2;2.33334;17.0667;0.200001;65.1667;51.5333;0.333336;0.5;65.0333;0.233334;0.200001;18.2333;0.166664;0.0999999;65.0667;0.5;65.1;0.133331;18.3;65.4333;0.133333;42.4333;|fires:0;agent:-1
67|pos:3,7;1,5;3,9;4,2;9,8;11,9;6,5;2,5;10,6;4,5;4,8;9,7;5,5;9,5;2,9;2,1;7,5;11,3;12,5;3,8;4,1;9,2;3,6;10,4;3,4;4,3;10,5;3,5;9,3;4,7;|pri:63.2333;20.5333;0.0666666;0.433334;0.466667;0.366669;66.1667;35;0.200001;3.33334;18.0667;0.200001;66.3;52.5333;0.333336;0.5;66.0333;0.233334;0.200001;19.2333;0.166664;0.0999999;66.0667;0.5;66.1;0.133331;19.3;66.4333;0.133333;43.4333;|fires:0;agent:-1
68|pos:3,8;1,5;3,9;4,2;9,8;11,9;6,5;2,5;10,6;4,5;4,9;9,7;5,5;8,5;2,9;2,1;7,5;11,3;12,5;4,8;4,1;9,2;3,7;10,4;3,5;4,3;9,5;3,6;9,3;4,7;|pri:64.2333;21.5333;0.0666666;0.433334;0.466667;0.366669;67.1667;36;0.200001;4.33334;19.0667;0.200001;67.3;53.5333;0.333336;0.5;67.0333;0.233334;0.200001;20.2333;0.166664;0.0999999;67.0667;0.5;67.1;0.133331;20.3;67.4333;0.133333;44.4333;|fires:0;agent:-1
69|pos:3,7;1,5;3,9;4,2;9,8;11,9;7,5;2,5;10,6;5,5;4,8;9,7;6,5;9,5;2,9;2,1;8,5;11,3;12,5;3,8;4,1;9,2;3,6;10,4;4,5;4,3;10,5;3,5;9,3;4,7;|pri:65.2333;22.5333;0.0666666;0.433334;0.466667;0.366669;68.1667;37;0.200001;5.33334;20.0667;0.200001;68.3;54.5333;0.333336;0.5;68.0333;0.233334;0.200001;21.2333;0.166664;0.0999999;68.0667;0.5;68.1;0.133331;21.3;68.4333;0.133333;45.4333;|fires:0;agent:-1
70|pos:3,7;1,5;3,9;4,2;9,8;11,9;8,5;2,5;10,6;6,5;4,8;9,7;7,5;10,5;2,9;2,1;9,5;11,3;12,5;3,8;4,1;9,2;3,6;10,4;3,5;4,3;11,5;3,4;9,3;4,7;|pri:66.2333;23.5333;0.0666666;0.433334;0.466667;0.366669;69.1667;38;0.200001;0.333336;21.0667;0.200001;69.3;55.5333;0.333336;0.5;69.0333;0.233334;0.200001;22.2333;0.166664;0.0999999;69.0667;0.5;69.1;0.133331;22.3;0.433334;0.133333;46.4333;|fires:0;agent:-1
71|pos:3,6;1,5;3,9;4,2;9,8;11,9;9,5;2,5;10,6;6,5;4,7;9,7;8,5;11,5;2,9;2,1;10,5;11,3;13,5;3,8;4,1;9,2;3,5;10,4;3,4;4,3;12,5;3,3;9,3;3,7;|pri:67.2333;24.5333;0.0666666;0.433334;0.466667;0.366669;70.1667;39;0.200001;0.333336;0.0666656;0.200001;70.3;56.5333;0.333336;0.5;70.0333;0.233334;1.2;23.2333;0.166664;0.0999999;70.0667;0.5;70.1;0.133331;23.3;1.43333;0.133333;47.4333;|fires:0;agent:-1
72|pos:3,7;1,5;3,9;4,2;9,8;11,9;10,5;2,5;10,6;6,5;4,7;9,7;9,5;11,5;2,9;2,1;10,4;11,3;13,5;3,8;4,1;9,2;3,6;10,3;3,5;4,3;12,5;3,4;9,3;2,7;|pri:68.2333;25.5333;0.0666666;0.433334;0.466667;0.366669;71.1667;40;0.200001;0.333336;0.0666656;0.200001;71.3;57.5333;0.333336;0.5;71.0333;0.233334;2.2;24.2333;0.166664;0.0999999;71.0667;1.5;71.1;0.133331;24.3;0.433334;0.133333;48.4333;|fires:0;agent:-1
73|pos:3,6;1,5;3,9;4,2;9,8;11,9;10,6;2,5;10,7;6,5;4,7;9,7;10,5;11,5;2,9;2,1;10,4;11,3;13,5;3,8;4,1;9,2;3,5;10,3;3,4;4,3;12,5;3,3;9,3;3,7;|pri:69.2333;26.5333;0.0666666;0.433334;0.466667;0.366669;72.1667;41;1.2;0.333336;0.0666656;0.200001;72.3;58.5333;0.333336;0.5;72.0333;0.233334;3.2;25.2333;0.166664;0.0999999;72.0667;2.5;72.1;0.133331;25.3;1.43333;0.133333;49.4333;|fires:0;agent:-1
74|pos:3,6;1,5;3,9;4,2;10,8;11,9;10,7;2,5;9,7;6,5;4,7;9,8;10,6;11,5;2,9;2,1;10,5;11,3;13,5;3,8;4,1;9,2;4,5;10,4;3,5;4,3;12,5;3,4;9,3;3,7;|pri:73.0667;27.5333;0.0666666;0.433334;1.46667;0.366669;73.1667;42;2.2;0.333336;0.0666656;1.2;73.3;59.5333;0.333336;0.5;73.0333;0.233334;4.2;26.2333;0.166664;0.0999999;70.2333;0.5;73.1;0.133331;26.3;0.433334;0.133333;50.4333;|fires:0;agent:-1
75|pos:3,5;1,5;3,9;4,2;9,8;11,9;11,7;2,5;9,7;6,5;4,7;9,9;10,7;10,5;2,9;2,1;9,5;11,3;12,5;3,7;4,1;9,2;4,5;10,4;3,4;4,3;11,5;3,3;9,3;3,6;|pri:74.0667;28.5333;0.0666666;0.433334;0.466667;0.366669;74.1667;43;3.2;0.333336;0.0666656;2.2;74.3;60.5333;0.333336;0.5;74.0333;0.233334;0.200001;0.233334;0.166664;0.0999999;71.2333;0.5;74.1;0.133331;27.3;1.43333;0.133333;51.4333;|fires:0;agent:-1
76|pos:4,5;1,5;3,9;4,2;9,8;11,9;10,7;2,5;9,7;6,5;4,7;9,9;10,8;9,5;2,9;2,1;8,5;11,3;12,5;3,7;4,1;9,2;5,5;10,4;3,5;4,3;10,5;3,4;9,3;3,6;|pri:75.0667;29.5333;0.0666666;0.433334;0.466667;0.366669;75.1667;44;4.2;75.0333;0.0666656;3.2;75.3;28.3;0.333336;0.5;61.5333;0.233334;0.200001;0.233334;0.166664;0.0999999;72.2333;0.5;75.1;0.133331;0.333336;0.433334;0.133333;52.4333;|fires:0;agent:-1
77|pos:5,5;1,5;3,9;4,2;10,8;11,9;10,6;2,5;10,7;7,5;4,7;9,8;10,9;9,5;2,9;2,1;8,5;11,3;12,5;3,7;4,1;9,2;6,5;10,4;3,4;4,3;10,5;3,3;9,3;3,5;|pri:76.0667;30.5333;0.0666666;0.433334;1.46667;0.366669;76.1667;45;5.2;76.0333;0.0666656;4.2;0.300003;29.3;0.333336;0.5;62.5333;0.233334;0.200001;0.233334;0.166664;0.0999999;73.2333;0.5;76.1;0.133331;1.33334;1.43333;0.133333;53.4333;|fires:0;agent:-1
78|pos:4,5;1,5;3,9;4,2;9,8;11,9;10,5;2,5;10,6;6,5;4,7;9,7;10,9;8,5;2,9;2,1;7,5;11,3;12,5;3,7;4,1;9,2;5,5;10,4;3,5;4,3;9,5;3,4;9,3;3,6;|pri:77.0667;31.5333;0.0666666;0.433334;0.466667;0.366669;77.1667;46;0.200001;0.0333328;0.0666656;0.200001;0.300003;30.3;0.333336;0.5;63.5333;0.233334;0.200001;0.233334;0.166664;0.0999999;74.2333;0.5;77.1;0.133331;2.33334;0.433334;0.133333;54.4333;|fires:0;agent:-1
79|pos:3,5;1,5;3,9;4,2;9,8;11,9;9,5;2,5;10,6;5,5;4,7;9,7;10,9;7,5;2,9;2,1;6,5;11,3;12,5;3,7;4,1;9,2;4,5;10,4;3,4;4,3;8,5;3,3;9,3;3,6;|pri:78.0667;32.5333;0.0666666;0.433334;0.466667;0.366669;78.1667;47;0.200001;1.03333;0.0666656;0.200001;0.300003;31.3;0.333336;0.5;64.5333;0.233334;0.200001;0.233334;0.166664;0.0999999;75.2333;0.5;78.1;0.133331;3.33334;1.43333;0.133333;55.4333;|fires:0;agent:-1
80|pos:3,4;1,5;3,9;3,2;9,8;11,9;8,5;2,5;10,6;4,5;4,7;9,7;10,9;6,5;2,9;2,1;5,5;11,3;12,5;3,7;4,1;9,2;3,5;10,4;3,3;4,2;7,5;4,3;9,3;3,6;|pri:79.0667;33.5333;0.0666666;1.43333;0.466667;0.366669;79.1667;48;0.200001;56.4333;0.0666656;0.200001;0.300003;32.3;0.333336;0.5;65.5333;0.233334;0.200001;0.233334;0.166664;0.0999999;76.2333;0.5;79.1;1.13333;0.333336;2.43333;0.133333;2.03333;|fires:0;agent:-1
81|pos:3,3;1,5;3,9;4,2;9,8;11,9;7,5;2,5;10,6;3,5;4,7;9,7;10,9;5,5;2,9;2,1;4,5;11,3;12,5;3,7;3,1;9,2;3,4;10,4;2,3;4,1;6,5;4,3;9,3;3,6;|pri:80.0667;34.5333;0.0666666;0.433334;0.466667;0.366669;80.1667;49;0.200001;57.4333;0.0666656;0.200001;0.300003;33.3;0.333336;0.5;66.5333;0.233334;0.200001;0.233334;1.16666;0.0999999;77.2333;0.5;80.1;2.13333;1.33334;3.43333;0.133333;3.03333;|fires:0;agent:-1
82|pos:4,3;1,5;3,9;3,2;9,8;11,9;6,5;2,5;10,6;3,6;4,7;9,7;10,9;4,5;2,9;2,1;3,5;11,3;12,5;2,7;3,1;9,2;3,4;10,4;3,3;4,1;5,5;4,2;9,3;3,7;|pri:78.2333;35.5333;0.0666666;1.43333;0.466667;0.366669;81.1667;50;0.200001;34.3;0.0666656;0.200001;0.300003;58.4333;0.333336;0.5;0.533333;0.233334;0.200001;1.23333;2.16666;0.0999999;81.0667;0.5;81.1;3.13333;2.33334;4.43333;0.133333;4.03333;|fires:0;agent:-1
83|pos:4,3;1,5;3,9;2,2;9,8;11,9;5,5;2,5;10,6;3,6;4,7;9,7;10,9;3,5;2,9;2,1;3,4;11,3;12,5;2,7;4,1;9,2;3,3;10,4;2,3;4,2;4,5;3,2;9,3;3,7;|pri:79.2333;3.33334;0.0666666;2.43333;0.466667;0.366669;82.1667;36.5333;0.200001;35.3;0.0666656;0.200001;0.300003;59.4333;0.333336;0.5;1.53333;0.233334;0.200001;2.23333;0.166664;0.0999999;82.0667;0.5;82.1;4.13333;51;5.43333;0.133333;5.03333;|fires:0;agent:-1
84|pos:4,3;1,5;3,9;2,2;9,8;11,9;4,5;2,5;10,6;3,7;4,7;9,7;10,9;3,6;2,9;2,1;3,4;11,3;12,5;2,8;3,1;9,2;3,2;10,4;3,3;4,1;3,5;4,2;9,3;2,7;|pri:80.2333;4.33334;0.0666666;3.43333;0.466667;0.366669;83.1667;37.5333;0.200001;36.3;0.0666656;0.200001;0.300003;60.4333;0.333336;0.5;2.53333;0.233334;0.200001;3.23333;1.16666;0.0999999;83.0667;0.5;83.1;5.13333;52;6.43333;0.133333;6.03333;|fires:0;agent:-1
