room 0 cap 9 outside 0 combined 0 depth 3 cells 2,1 3,1 4,1 2,2 3,2 4,2 2,3 3,3 4,3
room 1 cap 43 outside 1 combined 1 depth 1 cells 9,1 10,1 11,1 9,2 10,2 11,2 9,3 10,3 11,3 10,4 1,5 2,5 3,5 4,5 5,5 6,5 7,5 8,5 9,5 10,5 11,5 12,5 13,5 3,6 10,6 2,7 3,7 4,7 9,7 10,7 11,7 2,8 3,8 4,8 9,8 10,8 11,8 2,9 3,9 4,9 9,9 10,9 11,9
room 2 cap 9 outside 0 combined 0 depth 3 cells 9,1 10,1 11,1 9,2 10,2 11,2 9,3 10,3 11,3
room 3 cap 43 outside 1 combined 1 depth 1 cells 2,1 3,1 4,1 2,2 3,2 4,2 2,3 3,3 4,3 3,4 1,5 2,5 3,5 4,5 5,5 6,5 7,5 8,5 9,5 10,5 11,5 12,5 13,5 3,6 10,6 2,7 3,7 4,7 9,7 10,7 11,7 2,8 3,8 4,8 9,8 10,8 11,8 2,9 3,9 4,9 9,9 10,9 11,9
room 4 cap 23 outside 0 combined 1 depth 2 cells 2,1 3,1 4,1 2,2 3,2 4,2 2,3 3,3 4,3 3,4 1,5 2,5 3,5 3,6 2,7 3,7 4,7 2,8 3,8 4,8 2,9 3,9 4,9
room 5 cap 24 outside 1 combined 1 depth 2 cells 9,1 10,1 11,1 9,2 10,2 11,2 9,3 10,3 11,3 10,4 10,5 11,5 12,5 13,5 10,6 9,7 10,7 11,7 9,8 10,8 11,8 9,9 10,9 11,9
room 6 cap 9 outside 0 combined 0 depth 3 cells 2,7 3,7 4,7 2,8 3,8 4,8 2,9 3,9 4,9
room 7 cap 43 outside 1 combined 1 depth 1 cells 2,1 3,1 4,1 9,1 10,1 11,1 2,2 3,2 4,2 9,2 10,2 11,2 2,3 3,3 4,3 9,3 10,3 11,3 3,4 10,4 1,5 2,5 3,5 4,5 5,5 6,5 7,5 8,5 9,5 10,5 11,5 12,5 13,5 10,6 9,7 10,7 11,7 9,8 10,8 11,8 9,9 10,9 11,9
room 8 cap 9 outside 0 combined 0 depth 3 cells 9,7 10,7 11,7 9,8 10,8 11,8 9,9 10,9 11,9
room 9 cap 43 outside 1 combined 1 depth 1 cells 2,1 3,1 4,1 9,1 10,1 11,1 2,2 3,2 4,2 9,2 10,2 11,2 2,3 3,3 4,3 9,3 10,3 11,3 3,4 10,4 1,5 2,5 3,5 4,5 5,5 6,5 7,5 8,5 9,5 10,5 11,5 12,5 13,5 3,6 2,7 3,7 4,7 2,8 3,8 4,8 2,9 3,9 4,9
